8342,36
8342,35
8283,92
8283,1
8283,93
8283,3
8298,12
8298,11
8298,10
8298,9
8298,8
8298,7
0,560
0,554
0,273
0,574
0,270
0,558
3,2
3,1
8337,5
8337,4
8337,3
3,3
8337,2
8337,1
8337,0
8307,3
8307,1
8302,4
8302,3
8302,1
8298,6
8298,5
8298,3
10,169
8298,1
10,137
10,313
8278,3
8278,1
10,107
8273,3
8273,1
10,85
8271,3
8271,1
10,189
8263,3
8263,1
10,225
8262,3
8262,1
10,195
10,2
10,3
8261,3
8261,1
11,22
11,12
11,26
11,5
8258,3
8258,1
9,5
9,1
9,7
9,3
8255,3
8255,1
8,8
8,11
8,18
8,9
8,12
8,2
8,3
8253,3
8253,1
8251,7
8251,3
8251,1
8249,3
8249,1
8248,6
8248,5
8248,4
8248,3
8248,1
8236,3
8236,1
20,3
20,2
20,1
19,3
19,2
19,1
14,14
14,13
14,12
14,10
14,9
14,8
14,7
14,5
14,4
14,2
14,0
12,3
12,2
12,1
11,30
11,28
11,27
11,25
11,24
11,23
11,21
11,20
11,18
11,17
11,16
11,15
11,14
11,13
11,10
11,9
11,8
11,7
11,6
11,4
11,3
11,2
11,1
10,315
10,314
10,312
10,286
10,280
10,278
10,263
10,250
10,243
10,242
10,226
18,1
10,219
18,3
10,168
14,6
14,1
10,140
14,11
14,3
13,1
13,3
10,80
10,1
10,32
9,2
8,17
8,16
8,14
8,10
8,6
8,1
2,3
2,2
2,1
0,553
0,0
8342,34
8342,33
8342,32
8342,31
8342,30
8342,29
8342,28
8342,27
8342,26
8342,25
8342,24
8342,23
8342,22
8342,21
8342,20
8342,19
8342,18
8342,17
8342,16
8342,15
8342,14
8342,13
8342,12
8342,11
8342,10
8342,9
8342,8
8342,7
8342,6
8342,5
8342,4
8342,3
8342,2
8342,0
0,557
